20000521,20170912,23.462979571,120.552983271,228.1233,-77.7197,130.4315,31.6163,0.0,8118
20060330,20191230,22.803310933,120.35725962,64.9687,-146.2665,-82.4863,6.0741,0.0,AKND
20070404,20191230,23.508171136,120.813296601,2438.3331,-43.1946,25.3003,1.6107,0.0,ALIS
20180329,20191230,25.182663399,121.529622156,861.6279,-5.8442,29.27,4.8847,0.0,ANBU
20150904,20190709,24.95930814,121.525074556,45.4126,-30.7419,84.9569,10.772,0.0,ANK2
20060502,20161221,24.959100452,121.524732414,45.963,-42.3101,165.0593,-8.5037,0.0,ANKN
20061226,20191120,24.699486178,121.426124256,1715.2381,-47.026,217.2858,2.4924,0.0,BALN
19940103,20191230,24.997654853,121.442113605,31.0706,-128.0553,427.7729,0.8979,0.0,BANC
20070404,20190507,22.693131894,120.305405332,122.7866,-254.763,-118.2362,28.3143,0.0,BANP
20070606,20191230,23.380578202,120.171896033,25.1078,-65.7964,178.3597,-103.3626,0.0,BDES
20060901,20190528,26.215622604,119.974579957,30.5578,-77.5658,216.0709,10.4737,0.0,BEGN
20131112,20191230,22.532795809,120.96738826,48.066,4.7054,-2.8114,4.7731,0.0,BIMO
20080102,20191230,23.081399311,120.063400443,26.2554,-75.2542,184.1281,-36.0598,0.0,BKBL
20060330,20191022,24.171754806,121.571252366,375.4811,-148.7192,214.5292,102.6227,0.0,BLOW
20130329,20190609,23.039439428,121.292947901,163.2966,105.2134,-63.6268,4.3504,0.0,BYRS
20000518,20191230,23.417946157,120.61239687,680.0536,-41.8821,59.0253,20.015,0.0,C001
20010616,20191230,23.361745629,120.577194144,873.174,-64.7764,57.5606,40.9667,0.0,C002
20050202,20191230,23.979385253,120.688742264,141.7556,-69.6846,191.2747,61.5079,0.0,CAOT
19940115,20191230,23.097413807,121.373578302,60.3145,452.1123,-262.7148,25.1278,0.0,CHEN
20060113,20191230,23.098334327,121.37453621,77.2222,233.0801,-146.5053,-6.0185,0.0,CHGO
19940103,20191230,23.495976551,120.43320744,49.8505,-123.923,298.9903,13.7062,0.0,CHIA
20121206,20191230,22.587186064,120.318697037,45.3833,-102.45,-48.1514,-21.1045,0.0,CHIE
20050715,20160708,23.115842173,121.205984655,313.5423,43.7663,-21.1987,-62.978,0.0,CHIH
20070729,20130328,23.081400087,120.063398583,26.2934,-33.6256,92.8382,-13.5968,0.0,CHIK
20011114,20191230,24.271019077,120.582155364,57.2627,-42.2146,234.569,-33.4774,0.0,CHIN
20011206,20180525,23.945386506,120.828910615,1067.5589,16.5208,72.8614,45.1583,0.0,CHIU
20030521,20191230,23.055846136,120.092759007,22.824,-99.0666,232.5398,-29.5302,0.0,CHKU
19970322,20090814,23.377144934,120.563472106,355.4206,-60.8959,67.4096,35.6052,0.0,CHNL
20030103,20191227,24.149207779,121.661901651,38.7835,-248.5081,272.5452,13.3709,0.0,CHNT
20070102,20191230,23.860345601,120.289148469,25.3913,-66.6893,192.0585,-28.8286,0.0,CHSG
20011114,20191230,24.066051087,120.5573076,109.0391,-99.4754,261.7479,-1.3645,0.0,CHUA
20100701,20191230,23.438707401,120.604725465,270.2454,-30.4244,58.6311,36.288,0.0,CHUK
20051221,20191230,23.132368913,121.125688292,465.6972,24.9359,3.9588,37.9931,0.0,CHUL
20060330,20191230,23.452858674,121.393101933,118.9118,186.982,-94.7219,-22.1309,0.0,CHUN
20040220,20191230,23.450768461,120.140162228,22.7057,-101.6497,248.3566,-131.4394,0.0,CHYI
19990423,20170314,23.393272977,120.290804506,40.2099,-98.6745,227.3846,-12.3979,0.0,CHYN
20060919,20191230,23.204638494,119.429982966,54.903,-72.1579,168.6791,28.8303,0.0,CIME
20050720,20191230,22.889591321,120.481229627,90.9162,-140.4611,-134.5957,20.8118,0.0,CISH
19960102,20150806,22.975889079,120.210470735,43.6084,-121.7516,159.03,116.6259,0.0,CK01
20060125,20090101,22.998830083,120.220063367,58.7413,-17.7642,27.6922,3.8671,0.0,CKGM
20070127,20191230,22.998851194,120.220010615,59.6369,-76.3771,92.1767,26.5155,0.0,CKSV
20050106,20191230,24.602250332,121.512011551,453.193,-74.9754,279.9855,62.6106,0.0,CLAN
20060427,20191230,22.430050533,120.579602361,49.2035,-76.9636,-145.1338,-66.4153,0.0,CLON
20130402,20191230,23.496861278,121.445490852,151.6187,100.0703,-46.7657,8.8723,0.0,CMRS
20040310,20191230,22.754686417,120.277844205,25.6407,-191.4539,-71.2028,-9.7149,0.0,CTOU
20120821,20191230,25.037659802,121.513944574,55.7162,-36.7461,129.5371,-2.994,0.0,CWBN
20051028,20191230,23.473047508,120.452765297,78.9531,-58.3151,152.5995,6.2924,0.0,CWEN
20081023,20130908,23.218927899,120.437302143,98.8736,-11.8107,36.0444,6.3206,0.0,DACU
20041202,20191230,24.422880441,120.871839943,308.0042,-64.653,199.5841,1.9023,0.0,DAHU
20040605,20191230,22.311305126,120.864976811,356.216,16.1535,-76.2903,11.692,0.0,DAJN
20121018,20191230,22.592612742,120.397769372,64.6524,-98.2734,-50.9905,3.4054,0.0,DALO
20070901,20130220,23.558226167,120.554261373,197.049,-17.6431,57.0201,3.6104,0.0,DANA
20131016,20191230,23.11945362,120.361394648,47.479,-19.5714,48.5132,9.4572,0.0,DANI
20100330,20191230,22.204129684,120.751909419,148.0782,-18.7606,-74.1815,8.4691,0.0,DANL
20141106,20191014,22.476993778,120.943277065,378.6583,-8.8382,42.5461,-21.7191,0.0,DAS1
20050610,20141018,22.478428227,120.944414542,386.7027,4.9541,-47.7231,-39.2371,0.0,DASI
20121126,20191230,22.687943032,120.435414149,54.8883,-67.7786,-76.1683,1.1476,0.0,DASU
20050727,20191230,22.340597949,120.890048165,41.0126,24.7646,-73.8164,-7.853,0.0,DAWU
20060330,20191230,23.213184181,121.280573262,251.2656,188.3627,-94.9589,54.2874,0.0,DCHU
20160304,20191230,22.918830592,120.216843822,43.1775,-29.3314,26.256,-3.0381,0.0,DJES
20160808,20191230,22.407951319,120.526510872,28.452,-21.9011,-36.0764,-16.4147,0.0,DLIO
20041211,20191230,23.673806323,120.447995951,48.6314,-60.9876,213.9631,-53.691,0.0,DNAN
20070106,20191230,23.685130783,121.482289146,133.2946,74.1582,7.0538,-47.0219,0.0,DNFU
20160728,20191230,23.257322301,119.667374724,63.1248,-16.2161,52.4696,5.368,0.0,DOJI
20030410,20191230,22.915621456,120.703514452,522.7809,-89.0086,-205.7269,43.0115,0.0,DONA
20000102,20110324,23.460493746,120.153783777,19.3643,-88.9057,163.5551,-118.6187,0.0,DONS
20060901,20191230,26.367692443,120.489712151,101.4669,-88.3534,227.2927,-9.0047,0.0,DONY
20050205,20191230,24.262686975,120.826884717,396.3378,-52.4111,191.3775,21.1218,0.0,DOSH
20030607,20191230,24.04308144,120.932806697,740.193,4.2634,97.89,62.0054,0.0,DPIN
20060502,20191230,23.631217938,121.398035413,178.2382,-19.4328,19.8821,100.7467,0.0,DSIN
20041203,20191230,23.02567243,121.330596703,49.972,251.9122,-161.0208,-11.0277,0.0,DULI
20150416,20190715,25.071467997,121.434543796,50.0423,-33.0656,84.3255,-3.5628,0.0,DYRS
20011113,20191230,23.797592036,120.419561776,44.6905,-59.1334,290.6459,-58.9948,0.0,ERLN
20020124,20191230,22.942179462,121.166115376,221.8464,310.4993,-207.8742,115.7795,0.0,ERPN
20050720,20191230,22.365254188,120.593601333,41.645,-74.9609,-159.6094,-27.5239,0.0,FALI
20111005,20180420,24.106226445,121.198225655,2320.9391,-8.194,23.7341,21.4844,0.0,FB02
20060106,20100330,24.178339541,120.649522993,164.2705,-17.7315,60.5732,-6.5416,0.0,FCU1
19930706,20191226,24.850688555,121.249821506,255.2905,-120.5751,414.0951,2.9798,0.0,FCWS
20060330,20191230,23.598454375,121.519420732,39.8371,250.9739,-137.796,-7.6881,0.0,FENP
19970119,20191230,25.071050441,121.781084898,775.176,-140.9546,419.12,22.2345,0.0,FIVE
20160302,20191230,23.688426253,120.861972346,567.9099,-3.2584,12.5839,17.2408,0.0,FKD2
20060701,20161221,23.683559455,120.856279781,560.6415,-29.0056,20.268,117.8628,0.0,FKDO
19940106,20191230,23.746307256,121.453357045,138.4801,122.4891,-4.3623,-31.9354,0.0,FLNM
20040416,20191230,25.02037271,121.937488502,41.5172,-100.5441,277.2826,-2.2685,0.0,FLON
20050513,20191230,24.035166295,120.724454616,170.8613,-47.6906,158.7669,-28.3012,0.0,FNGU
20070102,20191230,23.59816073,121.52094527,51.3688,237.3024,-102.5822,-59.1097,0.0,FONB
20121018,20191230,22.627752705,120.351061857,50.9535,-104.1493,-51.3005,-10.648,0.0,FONG
20160808,20191230,23.791130749,120.312228018,32.3658,-11.7372,44.359,-12.8889,0.0,FRES
20111201,20191230,23.250739192,121.32929404,267.7619,85.5097,-29.4387,28.6497,0.0,FUDN
20031201,20191230,22.790754392,121.192165728,31.2505,256.2174,-192.3555,-0.798,0.0,FUGN
20011113,20191230,23.922317567,120.320175535,23.8851,-104.1763,288.833,-97.5968,0.0,FUNY
20080515,20191230,24.011156128,120.823315419,291.5807,-9.9145,96.5687,12.1386,0.0,FUQE
20050207,20191230,24.821206286,121.352856809,502.0978,-60.684,233.7098,-2.5243,0.0,FUSI
20030428,20191230,24.799044241,121.331471492,362.5506,-63.4,269.0534,1.5053,0.0,FUSN
20141125,20191230,23.961243326,120.474697363,48.5578,-20.5496,79.9355,-76.335,0.0,G811
19950424,20191230,23.080291479,120.59061927,313.4541,-97.5416,-131.7703,99.3495,0.0,GAIS
20010413,20070114,24.02840397,120.822571545,279.8639,-12.3878,38.0875,-6.0473,0.0,GANK
20151022,20191230,25.068546904,121.471076732,42.9339,-26.1598,85.1861,-9.5553,0.0,GBRS
20070515,20191230,23.741413373,120.402489338,44.723,-78.6497,168.998,-198.5807,0.0,GFES
20090716,20181214,23.854874628,120.838074377,1422.891,5.2372,13.5042,53.5843,0.0,GGDS
20081022,20191230,23.623661868,120.617506856,398.9247,-34.0823,100.3711,-13.8681,0.0,GKFM
20090402,20191230,23.612146954,120.607765355,420.8563,-33.4958,85.9981,23.2745,0.0,GLES
20150516,20170731,25.056239279,121.48831278,47.5384,-46.3141,50.1186,79.2717,0.0,GMRS
20050207,20191230,25.02039274,121.987434009,45.9849,-78.0691,266.2604,-3.0281,0.0,GOLI
20020619,20191230,24.981997903,121.508167788,53.4384,-86.5685,304.4389,-22.8262,0.0,GS01
20041022,20150816,24.809721472,120.982338959,53.8604,-57.8019,144.6928,-15.4531,0.0,GS02
20041020,20191230,24.776601853,121.044071304,146.0487,-61.8401,234.4619,9.0811,0.0,GS03
20050101,20091109,23.591521965,120.50679445,91.0858,-22.4392,55.7849,1.1614,0.0,GS04
20041022,20191230,23.567231378,120.568270605,294.6323,-56.9386,144.9466,21.6118,0.0,GS05
20041022,20191230,23.465605369,120.55422204,240.905,-62.1333,121.1717,16.9288,0.0,GS06
20041022,20191230,23.482904565,120.654831835,698.3457,-50.8803,95.327,25.1668,0.0,GS07
20050815,20191230,25.203728295,121.501497717,283.6445,-72.3452,232.7447,2.7822,0.0,GS08
20050816,20191230,25.208603865,121.651935021,30.8808,-81.328,249.1662,0.1743,0.0,GS09
20051114,20191230,25.146153054,121.461553905,52.1409,-66.4747,220.0937,-2.6604,0.0,GS10
20050815,20191230,25.133564519,121.498774321,46.5851,-75.2575,235.5073,-11.1336,0.0,GS11
20050906,20180308,25.053031405,121.382764882,272.4338,-64.2654,211.3991,4.0734,0.0,GS12
20050816,20191230,25.020109914,121.45215787,29.5805,-72.3979,240.9767,-53.1934,0.0,GS13
20050913,20191230,24.80321838,120.959454373,50.8729,-66.4583,219.7614,-1.0639,0.0,GS14
20050913,20191230,24.766647441,120.990499995,83.0759,-62.5428,226.2537,2.6415,0.0,GS15
20050917,20191230,24.74787285,121.04161038,165.2553,-58.3226,221.8034,3.9257,0.0,GS16
20050914,20191230,23.561152323,120.605846246,978.2203,-45.3313,111.0366,26.2202,0.0,GS17
20050914,20191230,23.484979473,120.473784355,96.3001,-62.8208,149.1267,-0.0945,0.0,GS18
20061223,20120525,25.072256717,121.679822469,55.7854,-17.4819,139.841,-26.0106,0.0,GS19
20061206,20191230,24.842695845,121.941099829,25.7694,-120.0421,251.0141,-101.4728,0.0,GS20
20060712,20191230,24.097307756,120.51238314,37.5477,-74.6494,205.0965,-63.1879,0.0,GS21
20060611,20191230,24.090872756,120.606281656,45.1688,-71.7932,204.2308,-47.0365,0.0,GS22
20060612,20191230,24.094589709,120.647689329,52.8795,-63.9395,179.9601,-10.2513,0.0,GS23
20060610,20191230,24.025233354,120.526089423,34.7537,-70.8462,201.7234,-87.7146,0.0,GS24
20060712,20191230,23.986511615,120.64022676,91.2663,-63.3828,197.0856,-57.4372,0.0,GS25
20060609,20191230,23.869839579,120.646024117,287.8475,-60.7599,180.5627,13.702,0.0,GS26
20060712,20191230,23.824749652,120.577881223,77.858,-67.0833,197.2406,-76.8971,0.0,GS27
20060618,20191230,23.080987413,120.214363923,26.8446,-93.0653,148.4174,-47.2212,0.0,GS28
20060617,20191230,23.075129217,120.315824343,38.6241,-102.1817,133.3485,-20.5756,0.0,GS29
20060626,20191230,23.020483942,120.226290747,53.435,-65.1309,102.4507,-59.2526,0.0,GS30
20060618,20191230,23.018902209,120.27576944,44.5224,-80.7658,74.459,-36.0385,0.0,GS31
20060624,20191230,23.025786914,120.337094731,57.6962,-142.0378,28.2767,-10.3844,0.0,GS32
20060623,20191230,22.964428572,120.187817807,25.4774,-87.7618,123.8199,-17.4817,0.0,GS33
20061223,20191230,22.939225151,120.275140072,37.1871,-83.4075,6.7483,-5.5675,0.0,GS34
20061223,20191230,22.935522607,120.309383839,51.2089,-88.2198,-1.1266,1.2794,0.0,GS35
20061223,20191230,24.362046394,120.625334474,72.5256,-63.2067,193.1091,-47.2184,0.0,GS36
20061223,20191205,24.328575759,120.715439068,230.9931,-47.245,192.5998,25.084,0.0,GS37
20061223,20191230,24.279807534,120.600588623,199.8116,-55.5358,190.8049,-67.5789,0.0,GS38
20061021,20191230,24.184409877,120.529598842,37.4389,-75.1713,196.3758,-72.9164,0.0,GS39
20061223,20161107,24.181237099,120.576310921,263.8831,-51.7717,144.1441,-12.7762,0.0,GS40
20071124,20191230,23.377555268,120.444935052,74.8667,-52.6763,130.8425,-15.524,0.0,GS41
20071123,20191230,23.273226077,120.452014159,133.5864,-54.6798,75.2983,24.0044,0.0,GS42
20071127,20191230,23.257159798,120.373609793,47.1518,-52.9154,145.1237,-30.4101,0.0,GS43
20071130,20191230,23.222245072,120.400398407,160.2918,-60.033,92.2829,48.8318,0.0,GS44
20090106,20191230,22.749105411,120.728165228,759.0626,-50.4462,-127.878,29.9467,0.0,GS45
20090108,20191230,22.527524794,120.649458371,139.8542,-50.4265,-124.1106,19.9809,0.0,GS46
20090106,20130724,21.948749578,120.74525131,31.4476,-19.8651,-21.7862,-72.4207,0.0,GS47
20090522,20120311,24.023612115,121.188583924,1121.6333,6.6603,7.3374,32.742,0.0,GS48
20090402,20120311,24.025988041,121.184504643,1325.7555,-17.5412,15.3324,6.6597,0.0,GS49
20090326,20120311,24.023146044,121.183347173,1157.7572,-8.7325,10.3687,-18.7192,0.0,GS50
20100102,20191230,22.998461468,120.548148215,184.9694,-85.6552,-95.7079,-1.7469,0.0,GS51
20100102,20191219,23.032324951,120.662811989,360.108,-73.7848,-122.8125,26.7177,0.0,GS52
20100102,20191230,22.838229091,120.406391958,107.8287,-113.0361,-61.8388,50.6067,0.0,GS53
20100122,20130711,22.83534951,120.460180447,78.9969,-28.6139,-34.3432,9.6054,0.0,GS54
20100102,20191230,22.848925271,120.610325361,143.0645,-62.0071,-123.5788,-15.4727,0.0,GS55
20100102,20191230,22.702127022,120.609804505,106.3233,-55.4369,-113.857,-6.3238,0.0,GS56
20100102,20161227,22.125759496,120.772892718,117.6884,-12.8906,-55.0963,17.0074,0.0,GS57
20100102,20191230,22.12460681,120.846954165,194.9364,21.2456,-62.7877,0.6403,0.0,GS58
20100102,20191230,22.055638102,120.712422079,30.6232,-56.1617,-95.0326,0.3801,0.0,GS59
20100102,20191230,22.005772919,120.81775849,51.9448,5.9078,-55.7045,19.008,0.0,GS60
20101125,20191230,24.676825154,121.208655725,546.0256,-30.5936,150.3573,26.1327,0.0,GS61
20101125,20191230,24.731770265,121.250613816,474.6709,-37.4191,154.4379,-1.4115,0.0,GS62
20101125,20191230,23.542450792,120.633959186,816.5377,-37.3038,63.9884,23.1837,0.0,GS63
20101125,20191230,23.405492007,120.719901952,1106.0599,-29.485,5.9113,21.8121,0.0,GS64
20101130,20110727,23.300059898,120.666527981,462.7883,-2.2999,0.5215,-7.8758,0.0,GS65
20101125,20191230,23.454243396,120.74861356,985.1258,-30.1939,13.8342,86.0604,0.0,GS66
20101125,20191230,23.338036607,120.683187092,600.4264,-30.9452,7.064,12.4902,0.0,GS67
20110102,20191230,23.606352992,120.487374034,67.5888,-41.9421,113.8047,-4.2353,0.0,GS68
20110922,20191230,24.967971074,121.37819262,132.3197,-56.9444,150.3099,12.9675,0.0,GS69
20110929,20191230,24.796315999,121.790978197,23.7894,-70.9476,159.4651,-29.8967,0.0,GS70
20110923,20191230,24.666907665,121.712651577,63.0153,-95.0618,210.0618,6.0,0.0,GS71
20110925,20191230,24.664432367,121.82941898,25.8109,-135.0626,221.7424,-14.4059,0.0,GS72
20121103,20191230,22.971111225,120.353033385,61.0756,-51.3047,-14.3833,104.8214,0.0,GS73
20121103,20191230,22.939160469,120.459794288,95.7541,-61.5494,-47.593,3.5756,0.0,GS74
20121101,20191230,22.885560367,120.494114133,67.0465,-62.4933,-70.9958,49.9296,0.0,GS75
20121103,20191230,22.835270129,120.370698959,84.7958,-79.0289,-40.5446,86.9722,0.0,GS76
20121115,20191230,22.777573878,120.405256361,80.6403,-77.0186,-81.2462,21.2955,0.0,GS77
20131022,20191230,22.84781622,120.465584567,76.3746,-61.5892,-57.6233,-1.9322,0.0,GS78
20131016,20191230,22.895803088,120.299588353,41.0861,-52.3726,-18.4522,8.8377,0.0,GS79
20131016,20191230,22.864369325,120.360489534,77.6347,-66.8235,-34.1008,18.3231,0.0,GS80
20131016,20191230,22.814812587,120.312100532,30.3169,-54.9288,-19.6626,-12.5863,0.0,GS81
20150102,20191230,24.313177408,120.835529848,419.0129,-21.2141,68.2528,-8.8036,0.0,GS82
20150102,20191230,23.983435751,120.742375884,204.8604,-11.3716,50.9127,1.1377,0.0,GS83
20150102,20191230,23.808783929,120.858056435,323.1388,-0.3486,22.0224,19.3676,0.0,GS84
20150109,20191230,21.969417228,120.735333309,50.5629,-20.7715,-45.2874,0.0458,0.0,GS85
20150915,20191230,24.919654102,121.1377022,163.2469,-20.2277,73.9202,3.2162,0.0,GS86
20150908,20191230,24.812617875,121.00262458,58.9653,-18.7594,75.9782,-5.254,0.0,GS87
20150914,20191230,23.068517047,120.348007976,64.7623,-26.7914,34.4846,16.3573,0.0,GS88
20150914,20191230,23.034015357,120.312707654,36.9421,-27.0324,26.5607,10.9694,0.0,GS89
20160903,20190701,24.834589087,121.066304192,102.8245,144.1176,51.4748,-59.6819,0.0,GS90
20160903,20191230,24.785180185,120.928321537,34.2421,-16.3549,56.1123,1.5866,0.0,GS91
20160906,20191230,24.546510524,120.9231934,199.1101,-11.4891,51.136,3.9834,0.0,GS92
20170104,20191230,25.165469316,121.558550083,911.7236,-16.8089,53.789,2.3976,0.0,GS93
20180505,20191230,25.177087387,121.558576153,746.9534,-6.1454,26.9555,-6.1631,0.0,GS94
20180505,20191227,25.192185165,121.588238713,312.6582,-8.898,35.9417,1.7951,0.0,GS95
20051211,20140727,23.607395115,121.390951492,216.0566,-26.6891,-23.113,75.1754,0.0,GUFU
20160115,20191230,24.202969298,121.006949932,772.215,-1.3552,40.0486,14.539,0.0,GUK2
20030102,20191230,23.645864146,120.588784856,192.3658,-56.6892,196.2511,13.1115,0.0,GUKN
20060330,20160114,24.20220116,121.006552479,777.6104,-6.1177,88.7443,50.1078,0.0,GUKW
20130905,20150403,23.048345096,121.158378728,262.2075,1.3886,-3.3701,15.6581,0.0,GUSN
20031022,20171125,24.609512357,121.68714859,194.85,-105.795,365.7506,5.6602,0.0,HANS
20130927,20191230,24.827334404,121.013975376,84.6555,-24.6541,98.1036,1.9415,0.0,HCHG
20060318,20191230,24.792525744,120.984617237,153.5527,-74.4559,261.6687,26.767,0.0,HCHM
19960318,20191230,22.0039336,120.746447005,46.5412,-105.0658,-217.0096,-27.4027,0.0,HENC
20040601,20191230,25.294442056,121.580924551,84.1489,-68.9711,229.7944,-28.7252,0.0,HERI
20090109,20180531,24.64640445,120.774126129,27.3989,-54.0297,157.0369,3.6532,0.0,HL01
20090109,20131016,24.646376212,120.774169237,27.3926,3.5995,65.4,-32.8981,0.0,HL02
20111116,20191230,23.686582007,120.347773533,36.8554,-32.4767,120.171,-152.3882,0.0,HLES
20101002,20131016,24.646370491,120.774100781,27.4192,-11.3125,43.5926,-0.4078,0.0,HLIM
20030411,20190813,23.793031501,120.994171421,607.7019,16.549,-17.7999,94.6072,0.0,HLIU
20070515,20191230,23.948364283,120.479147397,42.1779,-30.6992,192.2959,-145.4813,0.0,HNES
20011122,20191230,24.337703597,121.308071086,2003.0504,-26.6748,227.9986,76.1799,0.0,HNSN
19981103,20191230,23.188387581,120.134888417,30.2516,-126.9408,305.8353,-76.8138,0.0,HOKN
20011115,20191230,24.170779766,120.894883713,563.8041,-70.6781,134.8716,22.958,0.0,HOPN
20060817,20191015,23.55528863,121.405106542,257.5428,88.6185,-72.1615,-11.8961,0.0,HRGN
19950201,20191230,24.827752018,121.014265072,48.8418,-113.1745,376.3764,-12.7253,0.0,HSIN
20140307,20160930,25.00566155,121.408896829,155.1659,-12.9278,36.5937,-3.5374,0.0,HSR1
20140307,20170101,24.772249872,121.0318096,167.3095,-11.0239,33.5771,-4.8124,0.0,HSR2
20140307,20150112,23.120685661,120.280085228,53.9815,-12.2276,11.9925,-4.8436,0.0,HSR3
20140307,20160312,22.760272852,120.345167918,69.1535,-33.6968,-50.6116,11.5558,0.0,HSR4
20140307,20161214,23.684191826,120.384629012,56.0756,-13.0093,37.3309,-46.4071,0.0,HSR5
20140415,20161105,23.980419634,120.611060223,157.9494,-16.5197,39.3863,-16.9344,0.0,HSR6
20030506,20161028,24.280597404,121.026456176,2629.7901,0.491,94.9643,-29.2557,0.0,HSUE
19940103,20191230,23.975390267,121.613519525,46.4005,467.874,305.5728,32.9871,0.0,HUAL
20011122,20191230,24.14347942,121.272628136,3421.6399,23.8847,111.09,51.1997,0.0,HUAN
20040525,20191230,24.308997189,121.74945409,42.9573,-274.9896,323.9664,-38.2227,0.0,HUAP
20060920,20191230,23.566405082,119.669416094,44.8841,-71.3977,202.5661,-12.2139,0.0,HUSI
20050408,20191230,23.729402129,120.286632027,28.4884,-75.0252,214.859,-142.3145,0.0,HUWE
20060323,20191126,24.09233255,121.029411453,855.817,-9.4053,64.5458,49.3623,0.0,HUYS
20130402,20191230,23.494583555,121.345371848,204.1398,25.5038,9.2636,-28.8846,0.0,HYRS
20000102,20030603,23.756192536,120.774409132,766.3568,-34.2795,-45.6676,109.9438,0.0,I007
20150116,20191230,24.527838492,121.519005686,1427.8608,7.0598,120.034,0.8309,0.0,I10R
20040102,20191230,23.36065966,120.279313507,32.6297,-85.316,213.8797,-51.5884,0.0,ICHU
19950121,20191230,24.7640406,121.75662967,28.5982,-211.3633,453.0463,-88.9682,0.0,ILAN
20050726,20191230,23.51372803,120.547423582,150.9859,-59.8919,128.8684,24.0613,0.0,JHCI
20071216,20191230,23.61525673,120.576724332,275.9394,-47.6419,134.8186,14.3578,0.0,JHSN
20060921,20191230,23.741425516,119.613368653,31.0152,-83.6538,152.5495,-2.9268,0.0,JIBE
20040605,20191230,22.329961093,120.622784297,29.9802,-80.4653,-161.2151,7.4141,0.0,JLUT
20130402,20191230,23.49286721,121.3909883,111.3156,41.1482,-10.6493,-37.7688,0.0,JMRS
20060818,20191230,24.41708825,118.44739167,43.2527,-75.5678,217.3526,0.544,0.0,JNHU
20060816,20191230,24.503675677,118.421762779,35.9404,-74.8875,212.636,-12.9156,0.0,JNSA
20050102,20191230,23.422971951,120.524012237,168.3038,-57.3139,128.8493,21.0643,0.0,JONP
20020123,20191230,23.531603947,121.371399064,151.4634,55.9422,-13.5051,-60.9077,0.0,JPEI
20011220,20191203,23.341085496,121.358891697,587.124,289.0574,-102.4812,50.2492,0.0,JPIN
20151101,20191230,23.761236362,120.680863769,192.56,-11.2964,54.874,12.4282,0.0,JSAN
20030515,20191230,23.491986283,121.423888782,119.2128,234.3715,-107.0183,7.7463,0.0,JSUI
20071216,20191230,23.52235984,120.554213359,175.8915,-46.7586,96.2381,11.4387,0.0,JUCI
20050202,20191230,23.341668261,121.318173595,177.8154,80.75,5.0228,-62.9287,0.0,JULI
20050202,20191230,24.683951715,120.875375875,45.4304,-71.048,224.6108,15.5199,0.0,JUNA
20060624,20191230,23.21973904,120.497350649,172.2952,-73.6918,42.483,77.2055,0.0,JWEN
20040624,20191230,24.242473736,121.226350843,1967.4879,24.5918,162.5281,38.1803,0.0,JYAN
20060901,20191230,25.959711621,119.97098086,81.052,-77.3241,224.5744,0.2572,0.0,JYGU
20001220,20140328,23.987588992,121.116490918,1584.7821,6.5921,-18.1969,68.3918,0.0,KAFN
20040310,20191230,22.614492873,120.288350703,25.6173,-263.946,-110.3041,-14.1531,0.0,KASH
20050827,20191230,22.810191414,120.632978739,189.3305,-74.9717,-158.273,3.9113,0.0,KASU
20070821,20191230,23.171186606,120.327016018,48.768,-59.63,91.1267,15.4228,0.0,KAWN
19940103,20191230,21.949424598,120.78202023,58.412,-46.9909,-218.6201,97.1606,0.0,KDNM
20131223,20191230,23.987730135,121.11680061,1583.2845,-0.3055,-1.5145,38.7187,0.0,KFN2
20160219,20191230,22.855901368,120.252948374,58.0528,-31.2631,12.278,2.4936,0.0,KHLZ
20161117,20191230,24.407428791,118.289193039,51.684,-14.4527,57.3486,-5.5465,0.0,KIMN
20141119,20180530,24.450506061,118.334026645,38.0603,-19.9951,59.4421,-3.6959,0.0,KLAB
20160102,20191230,23.331092069,120.507961714,408.5193,-10.3524,16.8768,16.1405,0.0,KLN2
19940110,20191230,24.463822107,118.388580506,49.121,-130.2672,382.8252,-10.2388,0.0,KMNM
20020422,20191230,23.472220674,121.50574237,43.0849,343.5878,-155.3276,-41.2624,0.0,KNKO
20011107,20191230,24.776667075,121.176043936,168.3233,-77.2762,286.6359,-3.7259,0.0,KSHI
20070102,20191230,23.626619265,120.334293641,35.891,-52.3579,182.4976,-218.1402,0.0,KTES
20161030,20191230,23.049578206,121.163388402,270.9509,9.7883,-0.7963,-4.0035,0.0,KUA2
20060405,20161026,23.049685895,121.164254084,252.1649,15.3432,-5.1383,7.9518,0.0,KUAN
19990822,20160120,23.330987655,120.507028233,414.8494,-65.6898,67.6647,61.9964,0.0,KULN
20040522,20181205,25.041050057,121.080425789,32.0963,-72.5332,219.5961,-3.4412,0.0,KYIN
20031030,20191230,23.946255732,120.697985874,130.8049,-74.2357,200.6186,-26.9003,0.0,KZN1
19991008,20040607,23.945690823,120.697503948,127.3174,-26.0033,44.464,-7.7347,0.0,KZON
20070713,20121201,23.173144983,120.595632057,263.3771,-2.4164,-4.0095,50.7867,0.0,LAFO
20080821,20191230,23.529395987,120.739890505,856.4643,-38.968,33.8388,37.4161,0.0,LAIG
19940125,20191230,22.037318467,121.558097203,348.0232,378.319,-379.2596,62.918,0.0,LANY
20070110,20150312,22.411921056,120.687296216,1059.7375,-52.769,-113.4233,8.4127,0.0,LAOL
20160808,20191230,22.432316223,120.512178424,27.5593,-25.263,-31.0755,-18.6584,0.0,LBJS
20060817,20191230,24.440671327,118.239272009,76.2723,-78.9515,221.4841,2.6254,0.0,LEYU
20160204,20191230,22.9937813,120.634964514,292.6317,-25.2469,-37.5345,3.0986,0.0,LGU2
20060330,20160202,22.99290496,120.635381691,268.9123,-51.9926,-93.9866,66.8361,0.0,LGUE
20121129,20191230,22.883281357,120.329226978,61.4949,-65.1497,-16.9802,28.5638,0.0,LIAN
20040228,20191230,22.758610652,120.5279055,63.4539,-124.2735,-178.8738,17.1064,0.0,LIKN
20151130,20191230,22.346153349,120.368657312,67.9749,-74.5712,-37.9912,14.5863,0.0,LIU2
19990205,20151129,22.346675573,120.36907207,62.106,-119.2505,-67.9353,-3.8382,0.0,LIUC
20011126,20171004,24.343061039,120.781811826,334.1969,-99.2144,231.9092,17.126,0.0,LIYU
20030828,20191230,22.994578447,120.402611222,190.3593,-132.9725,15.1867,204.7262,0.0,LNCH
20140415,20191230,25.100349076,121.917832155,38.0147,-30.0847,95.8784,5.7742,0.0,LND2
20031111,20150617,25.097376436,121.918078965,26.5914,-81.9766,227.9572,9.1651,0.0,LNDO
20070102,20191230,23.757449496,120.592160148,92.4416,-59.2878,173.1919,-17.1514,0.0,LNJS
20060330,20181202,25.07637299,121.378185814,266.3908,-61.2517,219.5074,-28.4438,0.0,LNKO
20030102,20191230,22.906320182,121.130561497,203.5877,87.3206,-55.118,32.3787,0.0,LONT
20080819,20191230,23.468624506,120.701201389,1218.3705,-38.5494,36.5701,25.0765,0.0,LOYE
20060807,20191230,24.029350065,121.182168798,1497.557,-11.5094,40.1895,76.1743,0.0,LSAN
20070128,20191230,24.153373997,120.63423327,121.7845,-64.8708,176.3125,-25.8873,0.0,LSB0
20050223,20191230,24.153303653,120.634104995,118.8401,-40.2012,96.4616,-14.5289,0.0,LSBA
20040219,20191230,24.700028095,121.771634306,28.0469,-166.5967,375.8611,-47.7416,0.0,LTUN
20031215,20190621,22.658101037,121.475886318,29.9407,287.2724,-289.181,63.6379,0.0,LUDA
20060630,20100319,23.752269364,120.747691784,496.8181,-1.3281,26.1113,-0.2729,0.0,LUGU
20071114,20100609,23.227030949,120.348780463,58.3306,-9.9836,30.8532,-4.4881,0.0,LUJA
20011113,20191230,24.060009263,120.43513791,24.2982,-99.8522,258.7759,-23.2996,0.0,LUKN
20070124,20160412,24.035193765,121.186054505,1448.0219,18.5701,-26.1433,-97.7168,0.0,LUSN
20060102,20090101,24.866371302,121.817405902,54.8774,-12.3744,51.3025,-3.6786,0.0,LYTU
20050714,20191230,22.707647537,120.652055038,211.9084,-59.7088,-186.361,97.3288,0.0,MAJA
20060816,20191230,26.1693966,119.923072918,110.1971,-74.8483,219.9984,-1.5398,0.0,MATZ
20121101,20191230,23.240355462,120.696744459,608.3468,-27.2578,-9.9545,33.254,0.0,MAYA
20150618,20191230,23.65259838,120.19989979,28.1913,-23.4623,68.8876,-63.618,0.0,MDES
20020605,20191226,23.263637372,120.82626265,925.841,-72.7842,-32.2569,109.3349,0.0,MESN
20051019,20191230,24.082163753,121.172479095,2237.0764,22.4367,20.4906,31.1765,0.0,MFEN
20030527,20191230,24.583453112,120.810272879,171.1083,-85.7444,236.0717,10.2203,0.0,MIAO
20180102,20191230,23.277032552,120.719850326,747.9541,-2.5577,-1.4926,9.5052,0.0,MIN2
20020419,20180222,23.275400084,120.720909035,751.2312,-67.5193,-15.2091,46.8921,0.0,MINS
20040602,20120627,22.795859002,120.263159973,30.4531,-72.8878,21.7982,-1.054,0.0,MITO
20050218,20191230,22.899955082,120.553817992,75.3492,-101.4831,-160.9145,-6.9891,0.0,MLO1
20060330,20150726,22.899955575,120.553819489,75.1155,-42.9151,-63.4692,-49.9725,0.0,MLON
20020419,20191230,23.200548025,121.026852733,1606.8241,-47.0995,-15.3745,78.8588,0.0,MOTN
20090402,20191117,23.577934346,120.557311205,198.6368,-38.3889,108.965,27.2574,0.0,MSPK
20131028,20191230,22.176151545,120.837157479,308.2977,7.2179,-86.1094,59.361,0.0,MUDA
20060307,20081104,24.863634007,120.989198825,107.5631,-21.8102,-0.6984,-15.3039,0.0,MUST
19950221,20191230,26.157106123,119.933188476,60.2384,-106.1248,378.5717,17.6961,0.0,MZUM
20040407,20191230,24.449345028,121.810218749,25.9347,-259.6041,320.9651,-38.9815,0.0,NAAO
20070713,20130328,23.397028421,120.44026679,64.0293,-24.2722,61.7842,-19.351,0.0,NAGA
20030417,20190422,23.101992204,120.274399341,26.4941,-71.1932,157.9475,-9.6315,0.0,NANK
20121206,20191230,22.728241308,120.326325272,67.8137,-87.4238,-69.4238,-2.9705,0.0,NAZI
20010105,20191230,22.938452088,120.275813023,43.4153,-125.4092,28.8772,65.2362,0.0,NCKU
19951120,20180514,24.788825189,120.997327657,118.2899,-90.1323,277.5447,-44.1044,0.0,NCTU
20050402,20191230,23.897243347,121.55081802,57.0285,-61.8331,-52.962,2.5122,0.0,NDHU
20060906,20190507,22.908122803,120.420080787,104.8481,-154.8578,-101.9737,149.3426,0.0,NEMN
20050830,20170122,23.406217916,121.453014254,137.3544,200.9096,-77.9105,-17.8711,0.0,NHSI
20131122,20191230,23.243326277,121.412109232,68.0312,108.5667,-48.4924,4.4168,0.0,NIPU
20040710,20191230,24.634780798,121.561588351,386.6353,-65.2661,292.5282,8.6216,0.0,NIUT
20080102,20191230,23.397027611,120.440268207,63.9848,-74.1294,137.4138,-43.8039,0.0,NJES
20040228,20191230,22.503897242,120.571408245,52.0993,-98.2516,-186.8033,-63.4812,0.0,NJOU
20130329,20191230,23.244247271,121.413889853,63.7963,121.9086,-51.9271,5.1619,0.0,NPRS
20061205,20191230,24.428202034,121.382810535,1132.4491,-41.279,208.032,91.2099,0.0,NSAN
20011115,20191230,24.225795491,120.800911343,487.5917,-78.1277,209.5038,27.5188,0.0,NSHE
20060102,20090101,25.059136357,121.542402472,60.7689,-11.5267,55.5421,2.524,0.0,NTPU
20150416,20191231,25.021340423,121.536799135,48.1454,-24.9724,71.4325,-6.5932,0.0,NTUC
20140618,20191230,23.73302219,120.427645427,48.1357,-24.2828,78.1955,-59.0978,0.0,NTUH
20030827,20190508,23.915682856,120.636043101,432.008,-85.8614,237.1814,-11.3267,0.0,PAKU
19940108,20191230,23.565204033,119.563748289,29.2945,-135.8615,386.7169,28.3113,0.0,PANG
20151101,20191230,24.707948952,120.923085035,85.225,-20.3075,70.0308,2.566,0.0,PAO2
20020419,20191230,23.108623337,120.702869806,431.5926,-96.4152,-115.0479,104.0551,0.0,PAOL
20020511,20160214,24.714925852,120.95028395,96.4785,-54.8821,201.7056,3.0289,0.0,PAOS
20080102,20090101,25.135984788,121.539541472,441.2222,-5.3171,20.4074,-3.4157,0.0,PCCU
20060102,20191230,23.293835069,120.168597085,23.0133,-78.2347,184.0995,-106.5202,0.0,PEI1
20050826,20190811,22.801075707,121.123131283,76.5476,-13.5467,-114.1877,18.7772,0.0,PEIN
20041211,20160907,24.538841511,120.976044443,659.5387,-25.0798,166.6907,7.9706,0.0,PENL
20011031,20190806,24.017881399,121.610343777,36.0837,-363.4072,105.2726,67.8257,0.0,PEPU
20020123,20191130,23.319466397,121.454340293,107.7394,331.8815,-149.4291,20.493,0.0,PING
19991012,20191230,23.756066775,120.640571899,328.1032,-94.0004,260.3366,-45.5106,0.0,PINT
19950222,20191230,23.579892356,120.305506249,42.6078,-110.016,374.9072,-204.7288,0.0,PKGM
20150402,20191230,24.578824993,121.086375678,1126.3865,-14.0909,76.1752,7.8209,0.0,PLA2
20011214,20150323,24.57895479,121.086608305,1122.7878,-18.9767,205.9971,5.0141,0.0,PLAN
20051019,20191230,23.973886093,120.982004676,582.737,14.0994,44.9159,52.7913,0.0,PLIM
20040205,20191230,24.933625696,121.713957049,271.0248,-90.2193,266.3532,-13.9104,0.0,PLIN
20090102,20191014,25.627491642,122.079438561,124.2353,-65.1371,191.8656,-12.389,0.0,PNCY
20160514,20191230,22.47385838,120.465248675,43.4387,-50.1322,-21.3515,-19.3585,0.0,PTDG
20040228,20191230,22.649851243,120.459684666,40.5324,-140.8233,-156.272,16.2142,0.0,PTUN
20160110,20191230,23.970192858,120.525768697,46.888,-21.8485,55.529,-13.8991,0.0,PUS2
20030102,20160108,23.964941951,120.520117428,38.9663,-64.8803,192.5937,-88.2,0.0,PUSN
20061001,20191230,23.458943143,120.508573543,115.4117,-56.8895,130.7162,13.1784,0.0,RENI
20080102,20191230,23.173144328,120.595631706,263.4244,-51.4938,-24.9884,72.5429,0.0,RFES
19971211,20191230,23.205423218,120.33945455,67.3145,-110.2086,242.3602,20.2227,0.0,S011
19980702,20191230,23.059476048,120.488267979,192.0943,-102.8524,-65.4493,90.3589,0.0,S012
19990926,20191230,24.179549417,120.802871389,854.2354,-81.523,178.6329,6.9608,0.0,S016
19930104,20191230,23.655273011,119.592376722,49.8671,-163.6401,413.1958,17.0827,0.0,S01R
19930106,20021217,23.319434487,121.454362871,106.0477,218.2114,-152.6126,22.8858,0.0,S058
19971204,20070902,23.184899937,120.528473922,227.3168,-54.4655,7.1764,20.0086,0.0,S092
19930405,20191230,25.040451116,121.613860427,59.1538,-168.8715,446.7557,-40.8907,0.0,S101
19930102,20101005,22.037215336,121.558150117,348.7391,363.2569,-349.408,86.2152,0.0,S102
19930303,20191230,23.564375068,120.475196795,125.4025,-115.6719,330.3822,16.7164,0.0,S103
19930102,20191230,22.820767303,121.189383008,43.1172,398.4475,-319.865,114.3643,0.0,S104
19930102,20191230,22.951655488,121.11289957,699.8933,-10.1348,29.977,-29.5182,0.0,S105
19981224,20191230,23.050795725,120.334100995,52.4932,-146.9825,119.7531,61.4814,0.0,S106
19991117,20191230,23.954422757,120.934102116,580.9241,22.5132,61.9578,79.9579,0.0,S167
20001222,20191230,22.942297752,120.503308902,145.5375,-140.3635,-166.4893,42.4232,0.0,S169
20010315,20160621,23.745961419,120.767632566,753.7816,-29.6781,23.9046,8.5133,0.0,S170
19930102,20191230,22.644987285,120.606174328,94.1538,-156.2789,-302.3017,51.0347,0.0,S23R
20040616,20090806,24.967821033,121.187521842,170.5515,-28.7644,73.7134,-2.9798,0.0,SA04
20060330,20150726,24.144453132,120.578309569,297.5645,-50.1575,139.9858,-4.335,0.0,SALU
20121206,20191230,22.647623648,120.299459911,67.1682,-108.3897,-41.7154,-12.0813,0.0,SAME
20151101,20191230,24.413627279,120.769183376,328.8053,-16.4023,65.0299,4.1357,0.0,SAN2
20051116,20191230,22.717269905,120.640644076,203.2284,-69.1627,-178.0881,15.5971,0.0,SAND
19970329,20160701,24.414352468,120.768737036,335.5427,-221.4824,375.4475,2.8336,0.0,SANI
20050714,20191230,25.260797483,121.500878317,74.2169,-75.654,244.3133,11.3848,0.0,SANJ
20061204,20191230,23.664483947,120.768559385,1691.6987,-8.2987,62.9711,35.5563,0.0,SANL
20121113,20191230,22.479477511,120.411798782,27.3731,-102.3401,-49.4063,-10.2039,0.0,SANW
20070712,20191230,23.301428754,120.124691843,29.2196,-74.0685,183.9224,-122.5042,0.0,SCES
20081104,20191230,24.127789964,121.651601645,52.6895,-208.0228,173.759,34.8713,0.0,SCHN
20011201,20191230,24.932897302,121.010167511,52.8404,-96.0478,291.3091,7.1121,0.0,SFON
20060520,20191230,22.581271606,120.349657754,30.2161,-207.7677,-92.2553,-21.104,0.0,SGAN
20060424,20191227,24.271633436,120.691888526,195.9943,-69.4319,193.9981,-0.5992,0.0,SGUN
20020323,20191230,23.108862786,121.199493666,319.6293,56.7594,7.2353,-21.5944,0.0,SHAN
20040206,20191230,24.845083204,120.921958911,24.415,-78.1692,255.0206,2.3545,0.0,SHJU
20060330,20191230,24.144452509,120.578310905,297.7312,-95.3657,207.6294,178.6469,0.0,SHLU
20050202,20191230,25.291459765,121.562160201,46.6789,-78.6167,249.3506,1.2747,0.0,SHMN
20050702,20191230,23.787620516,121.562736945,57.8331,137.3552,39.4494,-114.6273,0.0,SHUL
20060330,20191230,23.021432237,120.347812786,89.606,-104.2043,57.8307,77.6346,0.0,SHWA
20051211,20191230,24.125725886,121.654418799,55.0711,-232.8368,206.6435,42.5558,0.0,SICH
20030518,20090806,23.160389687,120.64604126,488.3816,-33.8189,-4.8371,29.6948,0.0,SILN
20060915,20150629,24.966803258,121.542377733,55.0918,-43.1862,147.5469,-2.1136,0.0,SIND
20050609,20191230,22.908295399,121.254627517,96.4797,248.0368,-136.8662,16.0155,0.0,SINL
20060102,20081021,25.226908147,121.449795887,98.1902,-16.6766,55.3745,-14.7382,0.0,SINP
20050202,20191230,23.696493917,120.853207127,536.4559,-24.2744,34.1038,69.3394,0.0,SINY
20111116,20191230,23.853753928,120.49815594,56.224,-48.8918,107.7482,-95.9979,0.0,SJES
20030222,20191230,23.428543634,120.481265452,77.1106,-68.8597,158.8392,31.4847,0.0,SJPU
20160808,20191227,23.573158221,120.247162249,27.3435,-10.2713,48.9613,1.1021,0.0,SLES
20011101,20191230,23.811859111,121.441407727,202.725,4.7331,46.1609,16.9894,0.0,SLIN
20040227,20191230,24.753118318,121.635640864,491.8436,-107.4826,293.6889,-1.8404,0.0,SLNP
20051210,20191230,23.870265998,121.598166877,58.663,205.4427,46.5972,-71.2818,0.0,SOFN
20011107,20191230,24.397817032,120.985851743,1353.8401,-39.6629,189.3473,16.3031,0.0,SONA
20040408,20191230,24.205016248,121.484872414,984.5658,-73.3091,210.0274,141.7033,0.0,SPAO
20060102,20090101,24.967871233,121.187513179,170.9775,-9.8285,46.5306,-13.8856,0.0,SPP0
20101104,20191230,23.937893925,120.394365121,33.9535,-40.6731,119.3,-93.4093,0.0,SSES
20060330,20191216,23.414151875,120.37778035,44.2794,-68.4916,163.7366,0.5035,0.0,SSUN
20080125,20191230,24.63560301,120.979260531,149.8173,-42.6641,177.451,6.5092,0.0,STA1
20180102,20191230,23.658702401,120.34978675,38.6985,-9.4454,23.8336,-20.8805,0.0,STES
20170708,20191230,24.615749049,121.847706357,25.8241,-47.1868,68.7841,-6.2977,0.0,SUA2
20050630,20150807,24.59390889,121.867906154,26.9698,-188.1147,276.0286,-30.2786,0.0,SUAB
20030102,20191230,23.477577205,120.299888103,31.2548,-94.5135,255.0199,4.2008,0.0,SUAN
19970401,20170706,24.592389163,121.867084027,24.2567,-387.3059,509.1269,-23.7507,0.0,SUAO
20151019,20191230,24.291492132,120.90909034,582.6737,-16.2572,56.0891,4.7308,0.0,SUC2
20060330,20160214,24.291073432,120.907586869,567.4095,-27.9178,107.2616,7.4315,0.0,SUCH
19991031,20191230,23.881243368,120.908351554,1036.1911,50.2262,32.9655,171.122,0.0,SUN1
20070712,20130328,23.301429465,120.124690047,29.3267,-44.7385,109.6416,-102.5159,0.0,SWAN
20090102,20160511,23.24800003,120.986754747,2326.7265,-20.9362,205.6874,-355.7061,0.0,SYAN
20031119,20100420,23.020338249,121.323622943,110.3794,82.141,-36.8917,27.7762,0.0,T101
20031215,20110831,23.016015275,121.276798914,137.2947,120.7682,-56.344,19.9565,0.0,T102
20031120,20100602,23.155016558,121.267391306,316.5774,111.6574,-46.5209,46.7414,0.0,T103
20031120,20100515,23.154819973,121.240177723,292.4886,88.9728,-35.0041,45.0126,0.0,T104
20031215,20100522,23.15546286,121.227354973,276.7676,11.726,10.3196,-31.6227,0.0,T105
20060511,20100419,23.095296849,121.21904842,315.1614,33.7377,-33.1569,1.0826,0.0,T107
20060511,20100217,23.005834052,121.17400955,235.9539,36.3457,-46.2989,-15.7696,0.0,T109
20060511,20100514,22.902530548,121.079944651,290.6192,-8.5542,-3.2306,-2.7968,0.0,T110
20051001,20191230,24.290840983,120.535137528,33.7077,-77.9487,219.7057,-98.2125,0.0,TACH
20040513,20181008,25.034525194,121.673176838,527.0248,-66.5649,251.9354,-12.5221,0.0,TAIP
20151110,20191230,25.178499905,121.431361566,68.336,-19.5035,68.7441,7.9175,0.0,TAN2
20050413,20151109,25.181503468,121.426898338,30.529,-43.789,161.0321,-62.8809,0.0,TANS
20021007,20191230,23.125575972,121.230877848,303.3656,80.0031,-33.8665,-89.9902,0.0,TAPE
20071216,20191230,23.561309423,120.606855556,988.431,-39.968,88.2293,8.8892,0.0,TAPN
20020302,20191230,23.127066508,121.237418083,419.7133,287.7744,-129.4296,112.0127,0.0,TAPO
20071101,20080606,25.040319701,121.613982115,60.672,-4.8286,5.6054,-5.7765,0.0,TAPP
20030520,20191230,23.250807842,120.585414045,670.0528,-46.3835,5.8807,61.9822,0.0,TAPU
20071031,20191229,23.720269225,120.188824031,38.4084,-66.938,207.6347,-77.4333,0.0,TASI
20071107,20191230,24.461265999,120.695082346,151.5529,-58.1254,182.5883,76.7638,0.0,TASO
20040103,20191230,23.481403751,120.88704902,2651.3867,15.6036,-81.9847,21.128,0.0,TATA
20050902,20191230,23.159345502,120.764198623,645.8452,-52.5783,-62.6268,88.034,0.0,TAYN
20060928,20090310,24.132312718,120.678276561,123.7879,-12.1628,36.4652,-1.2765,0.0,TC01
20050928,20090117,24.152789754,120.599224726,183.5667,-22.7069,52.6152,-12.4998,0.0,TC11
20051204,20090226,24.207518556,120.597941107,328.1627,-8.7021,32.9326,-33.5055,0.0,TC12
20050928,20090211,24.205848059,120.793421466,529.0349,-13.0877,29.2097,-1.4766,0.0,TC13
20050928,20090212,24.136290206,120.673768165,143.4717,-16.7143,39.5472,-17.0656,0.0,TC21
20051005,20090121,24.170869108,120.680638061,151.9658,-9.746,40.9471,-3.9536,0.0,TC22
20010613,20191230,24.797984776,120.987394769,77.2359,-103.6058,343.2923,-12.512,0.0,TCMS
20060426,20191230,24.947397086,121.230820836,207.3398,-69.2313,235.448,-9.6001,0.0,TCYU
20030102,20191230,24.35620911,120.654993774,255.919,-86.2065,258.0187,-4.7256,0.0,TEGS
20020418,20191230,23.27779293,120.915674087,2340.9778,-90.1555,193.3432,-119.8688,0.0,TENC
20020131,20191230,24.607121104,121.295604084,1520.3308,-45.047,270.941,33.6774,0.0,THAI
20061027,20191230,24.465039468,120.94072305,511.2844,-40.7108,179.6,-28.5862,0.0,TIAN
20070102,20191230,23.68799708,120.389829359,40.6536,-72.0631,196.2268,-284.6738,0.0,TKJS
20070106,20191014,22.648923699,120.959875079,1189.174,10.3081,-0.5004,-7.2367,0.0,TMAL
19950302,20191230,22.616080589,121.007482194,58.7073,-21.7972,-22.4849,-31.5681,0.0,TMAM
20010608,20190329,24.797953469,120.98734926,75.8626,-100.5362,332.2257,-6.5191,0.0,TNML
20041202,20191230,24.662042439,120.924809404,128.7585,-71.7859,225.8356,10.7772,0.0,TOFN
20040519,20191230,25.256912816,121.6327692,50.3608,-75.1753,256.8158,-2.5745,0.0,TSHI
19990424,20070303,22.904214939,120.351859081,68.2377,-70.1678,13.7667,3.9352,0.0,TSHO
20060330,20191230,24.472796048,120.704107957,63.6444,-65.9212,208.2462,12.9686,0.0,TSIO
20070426,20190418,23.634328147,120.719389723,1602.4706,-35.1848,70.753,5.633,0.0,TSLN
20170502,20191230,23.124913049,121.215131393,312.7953,14.6196,2.9832,-8.8472,0.0,TTCS
20080509,20191230,22.747139126,121.147624298,48.6037,17.449,-59.5278,-6.5599,0.0,TTSH
20030108,20191218,22.764551614,121.080707243,100.2658,-13.1358,-72.2264,-20.9092,0.0,TTUN
20040310,20150807,24.574841825,121.496137109,395.0598,-18.4987,221.1885,80.5833,0.0,TUCN
20020424,20191230,23.075165887,121.300220773,358.9366,278.0877,-112.6389,42.1139,0.0,TUNH
20011101,20191230,23.965210152,121.493582879,195.1096,-65.543,5.5684,91.5722,0.0,TUNM
20030102,20191230,23.317241474,120.404051501,54.3494,-75.2347,199.7955,-22.6395,0.0,TUNS
20011109,20191230,24.953564062,121.164505673,201.5258,-96.9084,315.3204,3.5096,0.0,TWTF
20180822,20191230,25.140518703,121.799809798,29.4248,-5.8348,23.8557,10.1766,0.0,TWVD
20100831,20130514,23.123595266,120.466826063,106.7446,-10.202,2.8663,14.1736,0.0,UGIN
20050302,20191230,24.117166087,120.498244341,39.4352,-79.1664,216.9411,29.1605,0.0,VR01
20050202,20191230,23.899938634,120.373488523,42.291,-78.6741,219.2758,-219.741,0.0,VR02
20050302,20191230,23.864508584,120.581687195,77.2597,-80.3097,215.6222,-22.6999,0.0,VR03
20020110,20191230,23.535683509,120.549519042,182.9428,-68.8085,183.493,14.5829,0.0,W021
20000602,20191230,23.540798697,120.664255501,1065.9799,-82.1218,111.7604,24.5052,0.0,W029
20000520,20100328,23.474105435,120.695527168,1312.7159,-113.0037,-33.013,-10.3388,0.0,W030
20160102,20171203,25.169007114,121.637256703,370.8277,-12.5552,35.3139,3.2845,0.0,WAN2
20040510,20170302,23.18684267,120.52633864,341.6824,-48.8868,-6.4601,42.5686,0.0,WANC
20040519,20151110,25.169387159,121.637566179,370.3809,-59.0467,193.5958,-11.2808,0.0,WANL
20050507,20191230,23.60750697,120.885195177,942.5194,-8.0929,2.9087,58.4857,0.0,WANS
20051211,20191230,23.812027314,121.440933429,210.2993,-2.6148,38.309,-3.0617,0.0,WARO
20130402,20191230,23.278698183,121.322577369,189.6293,120.971,-38.2261,8.6697,0.0,WCRS
20050929,20191230,22.606062602,120.504315804,36.4323,-87.5659,-134.809,-11.4869,0.0,WDAN
20060510,20191230,24.041947084,120.699476272,102.7893,-56.636,169.1862,-12.8312,0.0,WFEN
20080102,20191230,22.919178393,120.347700247,67.5376,-131.1442,-15.2151,68.9926,0.0,WHES
20060920,20191230,23.567534108,119.480804952,44.9929,-76.9812,161.7957,-9.5752,0.0,WIAN
20041210,20191230,24.674635968,121.058559657,210.7276,-53.2202,227.6127,7.4797,0.0,WIPN
20140821,20191230,23.148291315,120.632563881,466.2124,-24.051,-20.7548,31.4756,0.0,WLIP
20070712,20130328,22.919179779,120.347700687,67.4226,-53.0983,10.5252,-8.1443,0.0,WNHD
20020510,20071219,23.923772956,121.027232775,1397.4047,1.091,-12.7319,-1.3464,0.0,WUCH
19991008,20180402,24.042783806,120.699393693,109.6638,-89.6411,213.2484,-20.5787,0.0,WUFN
20040416,20191230,25.117279596,121.400669919,225.8484,-76.3099,263.9331,-27.8659,0.0,WUKU
20050202,20191230,24.352281915,121.308467384,1790.1418,-28.2686,196.1615,70.2952,0.0,WULI
20050831,20191230,23.169261824,121.041475086,928.3748,3.2925,-14.5602,85.5806,0.0,WULU
20030217,20191230,23.205240091,120.368173435,89.6392,-82.216,155.3417,23.4918,0.0,WUST
20121107,20191230,23.081384851,120.591545438,312.1215,-41.7976,-42.4005,19.8715,0.0,XIAN
20070203,20090101,25.081587061,121.396459673,277.8301,-6.9209,25.8656,0.419,0.0,XINU
20040206,20191230,24.908454256,121.185303882,218.8365,-69.1632,256.2124,10.8472,0.0,YAME
20180102,20191230,23.65330941,120.30889294,31.6759,-8.1009,23.7405,-18.6474,0.0,YCES
20020412,20090416,22.763515953,120.376153052,70.9638,-78.2857,-91.4989,18.2397,0.0,YENC
20030102,20191104,23.903508049,121.601850458,88.1636,284.8053,63.1812,-97.7808,0.0,YENL
20051123,20191230,24.746077531,121.745659876,63.9915,-151.3462,285.646,-51.8964,0.0,YILN
20160304,20191230,23.123594778,120.466825936,106.7601,-14.9301,2.2556,14.221,0.0,YJLO
20151016,20191230,24.667923148,121.653013267,123.285,-40.2288,101.488,1.0666,0.0,YLSS
20050728,20160522,25.178880866,121.539552865,710.5164,-47.7491,181.0746,14.5501,0.0,YM01
20050727,20190311,25.1483809,121.560695768,545.8292,-73.6648,237.2267,-1.2533,0.0,YM02
20050728,20191230,25.146616924,121.604910318,431.6336,-83.7291,255.9255,16.9194,0.0,YM03
20050729,20110428,25.187608125,121.58547398,368.5464,-45.0938,77.2497,50.2515,0.0,YM04
20060510,20191230,25.164007788,121.565487512,745.0068,-76.9104,228.7193,12.7122,0.0,YM05
20130309,20191230,25.181100809,121.569448959,567.0527,-45.7848,110.6175,-2.1047,0.0,YM06
20130309,20191230,25.178071399,121.547957504,825.3658,-37.5936,120.279,2.3741,0.0,YM07
20160629,20191230,25.172988836,121.548584699,979.2555,-19.5378,66.6396,1.0109,0.0,YM08
20170102,20191230,25.172881324,121.57947498,595.8545,-13.136,56.4612,-5.4073,0.0,YM09
20120204,20191230,25.187898974,121.589395184,347.6933,-45.4432,135.4904,15.2753,0.0,YMN4
19940111,20191230,25.165712282,121.574061963,783.9413,-153.9871,441.5511,-100.349,0.0,YMSM
20040311,20170424,24.861742721,121.778938416,487.0417,-67.7517,227.1857,8.9581,0.0,YNTS
20071216,20191230,23.626102568,120.554194813,144.6267,-39.6631,133.1443,10.0013,0.0,YOKN
20041202,20191230,23.146549745,120.085987843,23.8921,-95.3762,232.4308,-43.7904,0.0,YSAN
20070102,20191230,23.739169935,120.222339719,25.2711,-70.552,188.3439,-113.0824,0.0,YSLL
20101219,20191230,23.321381768,121.300211154,197.5113,47.6215,0.059,-43.998,0.0,YUL1
20011219,20101130,23.340932386,121.301135718,208.2599,43.2605,8.5308,-44.4308,0.0,YULI
20010725,20191226,23.883888786,120.798578996,251.089,-27.5317,77.212,73.6015,0.0,YUNL
19970630,20191230,23.487304239,120.959142766,3879.644,10.719,-61.1187,2.3239,0.0,YUSN
20160808,20191230,23.546232332,120.19399538,25.1283,-11.1391,48.3137,5.2654,0.0,YWJS
20130402,20191230,23.278294153,121.272922582,237.9171,40.1813,2.3442,-23.992,0.0,ZCRS
20060330,20191230,22.943274843,120.217569798,36.0711,-108.8589,71.4276,38.4301,0.0,ZEND
20180328,20191230,25.162189251,121.544312506,628.9179,-8.2477,27.9851,-10.0457,0.0,ZUZH
